#consolefont.ttf 12 Plain 0 0 0 0
maxw 8
maxh 17
32 0 0 4
33 8 0 4
34 16 0 5
35 24 0 7
36 32 0 6
37 40 0 8
38 48 0 8
39 56 0 3
40 64 0 6
41 72 0 6
42 80 0 7
43 88 0 7
44 96 0 4
45 104 0 6
46 112 0 4
47 0 17 7
48 8 17 7
49 16 17 7
50 24 17 7
51 32 17 7
52 40 17 7
53 48 17 7
54 56 17 7
55 64 17 7
56 72 17 7
57 80 17 7
58 88 17 4
59 96 17 4
60 104 17 7
61 112 17 7
62 0 34 7
63 8 34 7
64 16 34 7
65 24 34 7
66 32 34 7
67 40 34 7
68 48 34 7
69 56 34 7
70 64 34 7
71 72 34 7
72 80 34 7
73 88 34 7
74 96 34 7
75 104 34 7
76 112 34 7
77 0 51 7
78 8 51 7
79 16 51 8
80 24 51 7
81 32 51 8
82 40 51 7
83 48 51 7
84 56 51 7
85 64 51 7
86 72 51 7
87 80 51 8
88 88 51 7
89 96 51 7
90 104 51 7
91 112 51 5
92 0 68 7
93 8 68 5
94 16 68 7
95 24 68 8
96 32 68 7
97 40 68 7
98 48 68 7
99 56 68 7
100 64 68 7
101 72 68 7
102 80 68 8
103 88 68 6
104 96 68 7
105 104 68 5
106 112 68 6
107 0 85 6
108 8 85 5
109 16 85 7
110 24 85 7
111 32 85 7
112 40 85 7
113 48 85 7
114 56 85 7
115 64 85 7
116 72 85 7
117 80 85 7
118 88 85 7
119 96 85 7
120 104 85 7
121 112 85 7
122 0 102 7
123 8 102 6
124 16 102 3
125 24 102 6
